"strength"
122
127
130
131
132
133
134
134
135
135
135
136
137
138
139
140
143
124
127
130
132
132
133
134
134
135
135
136
136
137
138
139
140
143
124
128
131
132
133
133
134
134
135
135
136
136
137
138
139
141
143
125
128
131
132
133
133
134
134
135
135
136
136
137
138
139
141
143
126
129
131
132
133
133
134
134
135
135
136
137
137
138
139
141
144
126
129
131
132
133
133
134
134
135
135
136
137
138
138
140
141
144
126
129
131
132
133
133
134
134
135
135
136
137
138
138
140
142
144
127
129
131
132
133
133
134
134
135
135
136
137
138
138
140
143
147
127
130
131
132
133
134
134
135
135
135
136
137
138
139
140
143
147
